2.564914541701000417e+01	3.268000305776306504e+02
2.552588703411580084e+01	3.956734066348033139e+02
2.560572679774371352e+01	3.982434827562591977e+02
2.926171661593196305e+01	4.489566245046090103e+02
3.730722582704948564e+01	1.697355704083659589e+02
3.780621140329878926e+01	1.800901761271144892e+02
3.774135022728233224e+01	1.811755943772375019e+02
3.774843491152417130e+01	1.868554075797838152e+02
3.782035217764034485e+01	1.879760134175849657e+02
3.782412156154818206e+01	1.891241952773182788e+02
3.771625940075612249e+01	1.902848148233109669e+02
3.752507453987213637e+01	2.040457088133742047e+02
3.755472258243710826e+01	2.051509861070280181e+02
3.754870678563729314e+01	2.063255603697083984e+02
3.732782883964632248e+01	2.267201238947713193e+02
3.732539153257034314e+01	2.319007319722915383e+02
3.748221608191304455e+01	2.329371273975679344e+02
3.755721396704749537e+01	2.339737675266735835e+02
3.750376849990864514e+01	2.350515941896583172e+02
3.837661546399277768e+01	2.445485775621798155e+02
3.845476788042792293e+01	2.456374647719465543e+02
3.853569963733701798e+01	2.466953469044123892e+02
3.868841916845909168e+01	2.477392001121097849e+02
3.888503513291253455e+01	2.487985593403230382e+02
3.904116135945270116e+01	2.498680962716707370e+02
3.912800084105285947e+01	2.509204823023525819e+02
3.916946225962433203e+01	2.519560204047866137e+02
3.919442029233069746e+01	2.529888913932037440e+02
3.921544697390338996e+01	2.540333064963909067e+02
3.860640589117396360e+01	2.569628950175359137e+02
3.867528535356849062e+01	2.578588819988715386e+02
3.966850369047936198e+01	2.759228916304724635e+02
3.962905163479106108e+01	2.849759614533223839e+02
3.980558114245113188e+01	2.859516134425077212e+02
3.998383923082424474e+01	2.869656397966077179e+02
3.997282640610954729e+01	2.879994274394682634e+02
3.988376766910054982e+01	2.890390335050850581e+02
3.972610769794929553e+01	2.900769170165125388e+02
3.955242953326268207e+01	2.911035813284892129e+02
3.945849860399074061e+01	2.921195256467059380e+02
3.936059775402825522e+01	2.931290950552205459e+02
3.927208790542254491e+01	2.988641614742437582e+02
3.934082443554236619e+01	2.998651436250074198e+02
3.929922666197924741e+01	3.008530334384691969e+02
3.934257734338925871e+01	3.018421502231799423e+02
3.958816149096853820e+01	3.028430270578385262e+02
3.965220580522149163e+01	3.079549945699458817e+02
3.966853270479678883e+01	3.089433578859102454e+02
3.969658526828081335e+01	3.099190335829436549e+02
3.974829807733576814e+01	3.109071295900259884e+02
3.982483202932191801e+01	3.119242443182499187e+02
3.991134884222771007e+01	3.129520756827284913e+02
4.000989887193276928e+01	3.139767480346767456e+02
4.001933395302955887e+01	3.150108062374321776e+02
3.990316687655271721e+01	3.160533395649748059e+02
3.976558143385705790e+01	3.170745764956530479e+02
3.963285013045593530e+01	3.180528956794764213e+02
3.955577240848094789e+01	3.190053456912702927e+02
3.962608884147549304e+01	3.199729407586313528e+02
3.926737611091222391e+01	3.249779860940848266e+02
4.067187511588330295e+01	3.330503991805303485e+02
4.064049953929684023e+01	3.340894803953671044e+02
4.195510583252968928e+01	4.039771227359811405e+02
4.201123917722504331e+01	4.049952554663014439e+02
4.202833562589203353e+01	4.060235612117872961e+02
4.197862993696442402e+01	4.070456955141279423e+02
4.186222276330558856e+01	4.080538827704316986e+02
4.174114768816227894e+01	4.090496664038054178e+02
4.169320335985853632e+01	4.100361326259946964e+02
4.174766462039180936e+01	4.110241461224833301e+02
4.184502379712444764e+01	4.120340792334539515e+02
4.187469779905336509e+01	4.130761104339376857e+02
4.178870726372741018e+01	4.141384334555739883e+02
4.157380481231046332e+01	4.152136687065600427e+02
7.193861848392624836e+01	9.779611567766214364e+01
7.111437332597694194e+01	9.257996355430032054e+01
7.175342417938934148e+01	9.388212356018618721e+01
7.380085626875010973e+01	1.005705079414501739e+02
7.494804247722507284e+01	1.023941418281146412e+02
7.965495027470244338e+01	4.346687627530841951e+02
7.875222933073287379e+01	1.058182046291770178e+02
8.048200350749168308e+01	4.384287224432386552e+02
8.072965649321223225e+01	1.086659914729395382e+02
7.989078863920440199e+01	1.119362447519784780e+02
8.150865756644914484e+01	4.405254126035835611e+02
8.112569662879705845e+01	1.091009847517221800e+02
8.240945707676337406e+01	1.112903694045933776e+02
8.102576072587429223e+01	1.143051147698593866e+02
8.353615622327039603e+01	1.133673948158308917e+02
8.251272615356279516e+01	1.166135083345396311e+02
8.451198197945841173e+01	1.192868284103751790e+02
8.390566186115067637e+01	1.151771666240027230e+02
8.650312324577356549e+01	1.183883972309765653e+02
8.817665468453833455e+01	1.211318259720648598e+02
8.948836199892286913e+01	1.242664280059985344e+02
9.038876450475761715e+01	1.262684585332237788e+02
8.965087044927714999e+01	1.308297195820495347e+02
9.164978122194264643e+01	1.284587792489220419e+02
9.293519563041046183e+01	1.305560479948177317e+02
9.238861746947236497e+01	1.352535067363583039e+02
9.377686530201951598e+01	1.323854348245962171e+02
9.311854989435315133e+01	1.370687566119359246e+02
9.456449686605668603e+01	1.343656912703280568e+02
9.301270640855825889e+01	1.374015500244879604e+02
9.608945169627423866e+01	1.368424292234456914e+02
9.456290979290363907e+01	1.397458664100877854e+02
9.632244882586839196e+01	1.372160604148894265e+02
9.532745059626968498e+01	1.416751934122798673e+02
9.746199702448623725e+01	1.392656836821100512e+02
9.612003113887641348e+01	1.434346227809048173e+02
9.719220102668607808e+01	1.451217588770040834e+02
9.836110469640783549e+01	1.472196671464912185e+02
9.903764984761259882e+01	1.490187131730443753e+02
9.844398047054554013e+01	1.492452990298435509e+02
1.000101001019471880e+02	1.510052087899226763e+02
9.954065417407149141e+01	1.511222251591568693e+02
1.009486289832237986e+02	1.529686404299528988e+02
1.006531345611086294e+02	1.531681759049406821e+02
1.020863825126153870e+02	1.550480046102444760e+02
1.092945673920656304e+02	3.088845152118178135e+02
1.091427402200785934e+02	1.695755832336343474e+02
1.101370939115198979e+02	3.071377612789510749e+02
1.126150355643491707e+02	3.143709889446461148e+02
1.122015198571775443e+02	1.755863344603596659e+02
1.126025098457962912e+02	3.106155377657736949e+02
1.129643462120048696e+02	1.775119460655176056e+02
1.138212793525563740e+02	1.794310117432594609e+02
1.165570892213775664e+02	3.214975357051545188e+02
1.164150064827726681e+02	3.176199607568691476e+02
1.181003661318417244e+02	2.460748666502079516e+02
1.181464345505224003e+02	2.470127874973704536e+02
1.181979864674151912e+02	2.479601414547205991e+02
1.182532275709091607e+02	2.489263604059166255e+02
1.195391342036319315e+02	1.907645823193577144e+02
1.191316179540767735e+02	2.422752353916951620e+02
1.192036850094274030e+02	2.527843686373842615e+02
1.192244690134760106e+02	2.537540552982802637e+02
1.203973941970515398e+02	1.927633160532869567e+02
1.202587956673061456e+02	2.557294726228093111e+02
1.207303629843498527e+02	3.237008033396264182e+02
1.213831823606076057e+02	3.282622733387879634e+02
1.211348263278323714e+02	1.946476434773330197e+02
1.211409632286907510e+02	2.386077893661083635e+02
1.215526720234909561e+02	3.287116156538845644e+02
1.225501777577439242e+02	1.967973381510695674e+02
1.221926466454209930e+02	2.376556550113892854e+02
1.220944106780371357e+02	2.606096910022340012e+02
1.216021967902952241e+02	3.291919284660588687e+02
1.223608306268382080e+02	1.974514590680363995e+02
1.232759782445493926e+02	1.987244135791813164e+02
1.231244452988792517e+02	2.368346910157585796e+02
1.237020461597776944e+02	3.277402497431834263e+02
1.251817725359314863e+02	3.301116116432602325e+02
1.230784002285457603e+02	3.315135070297353650e+02
1.241518274586878618e+02	2.359821299506145920e+02
1.239473636304520028e+02	2.634212654066468531e+02
1.252540068808214073e+02	3.302102236922387419e+02
1.242587772963018296e+02	3.335159180664883252e+02
1.248933512015627088e+02	1.808302528051605975e+02
1.250396912103618519e+02	2.653971617246702976e+02
1.269270084776539420e+02	3.326412208899834013e+02
1.256946739639530506e+02	3.357335262443560850e+02
1.260697029702970298e+02	2.045170297029702908e+02
1.266711236115751689e+02	2.058409744677204003e+02
1.258821413705024810e+02	2.661602515949655299e+02
1.280928029209366628e+02	3.344978176521684645e+02
1.274435701256092699e+02	3.383862119197115135e+02
1.276377755283565136e+02	2.078465208544807865e+02
1.273583067909332840e+02	2.340147214591725344e+02
1.272602087157067388e+02	2.683326625012818454e+02
1.277680178056977667e+02	3.348960226461834964e+02
1.284583012628727090e+02	2.097725122643132920e+02
1.284161616930929313e+02	2.328844791222388437e+02
1.286204513400510905e+02	3.367941532517583596e+02
1.287665529942034652e+02	3.408735995914869363e+02
1.306162538769246453e+02	1.944713509382964105e+02
1.293062844415900940e+02	2.117466400078154152e+02
1.295580387442204255e+02	2.315281088169610371e+02
1.296902641509433920e+02	3.155639245283018681e+02
1.298137942207428637e+02	1.901361601225367508e+02
1.299925238536580423e+02	2.137120691774156853e+02
1.306968290486457249e+02	2.302269859566781349e+02
1.298404625591400077e+02	2.723015441345688146e+02
1.315905085284219922e+02	3.208535682456500240e+02
1.308574727312733899e+02	2.164883737780152728e+02
1.309952898488269852e+02	2.732656482167789704e+02
1.329314148816289105e+02	2.199670965488732008e+02
1.315489213121003615e+02	2.272863608795855157e+02
1.334835412223139599e+02	1.997145741116937074e+02
1.352350145181382572e+02	1.982547232761780265e+02
1.366439676017695035e+02	2.185787495091468600e+02
1.352542505717181882e+02	2.026727208888932523e+02
1.369560613545689023e+02	2.195895992715713021e+02
1.350711235141898783e+02	3.230688299920026907e+02
1.373517640817456140e+02	2.013606608386769494e+02
1.373837730655520488e+02	2.204117300438372808e+02
1.366397825180992527e+02	3.245774687200162703e+02
1.391644222455549880e+02	1.963770309721375185e+01
1.393338609914298729e+02	2.545450672003650183e+01
1.393977529677784162e+02	3.412959299039005145e+01
1.383765255908010943e+02	2.216586464110141037e+02
1.381688317179919352e+02	3.261949419967901918e+02
1.398293224672903534e+02	2.829442647020092849e+01
1.403990039115651882e+02	3.308748790955858254e+01
1.405114474107790841e+02	3.429021348480165443e+01
1.406592905095870378e+02	3.553808742441153612e+01
1.391522408247839735e+02	2.041485103028231265e+02
1.395290994725796452e+02	2.234535483651908976e+02
1.388533015982863503e+02	3.237735407539979633e+02
1.403638726984861478e+02	2.063636246598368587e+02
1.386633520622592641e+02	2.745200840851524617e+02
1.419707697372936934e+02	2.090718385025937494e+02
1.397581183713184316e+02	2.767108623124591418e+02
1.403183195979725042e+02	2.778445098655631682e+02
1.409531104045683492e+02	2.824751503565631197e+02
1.406444694364288068e+02	2.841595771497268856e+02
1.412459917718677787e+02	3.282390098271877150e+02
1.418537892287929765e+02	3.567375893846996178e+02
1.393417954793070521e+02	3.920452953728930083e+02
1.435969241547161062e+02	4.282033208322202000e+01
1.434786248762269167e+02	4.518909426052808698e+01
1.435375310511454359e+02	5.094461195679662779e+01
1.434202490149215237e+02	5.413330857179769140e+01
1.418725307376681712e+02	2.088845545533102950e+02
1.419280917921064997e+02	3.569342885496987492e+02
1.413467087152175736e+02	3.606183890568777883e+02
1.406420340703427030e+02	3.954306842275242957e+02
1.408501455835011882e+02	3.964325305739330929e+02
1.438823785881146193e+02	5.716621112145382000e+01
1.441010363477378462e+02	5.826984551941532686e+01
1.422964323675821845e+02	2.145945604533646360e+02
1.433442830455220758e+02	2.237166421803833600e+02
1.437761943678507635e+02	3.596812885062794862e+02
1.421286419077658252e+02	3.995992713243920207e+02
1.447032465657151192e+02	6.023416209971919955e+01
1.451584737675344172e+02	6.138119923329784200e+01
1.456908291271201392e+02	8.600103541281514197e+01
1.454833604311757540e+02	9.276352225010241170e+01
1.453454888714676940e+02	9.386072869504141636e+01
1.454218280990933749e+02	9.491656544125102357e+01
1.457218648753837158e+02	9.593168923983049012e+01
1.454828956057149867e+02	9.878710904670428761e+01
1.451419963839256013e+02	9.982119912645195825e+01
1.454285731677221634e+02	1.085008272167303716e+02
1.431014572508372282e+02	2.113946659374061312e+02
1.437650092652571914e+02	2.224970512557188442e+02
1.440235722767125424e+02	3.600188820118478361e+02
1.463818812263785958e+02	6.343708921067214845e+01
1.463477965456510788e+02	6.437551427628996237e+01
1.464219242496755555e+02	6.537354026077706237e+01
1.466097676764428570e+02	7.170402419705614250e+01
1.465273944679533429e+02	8.315343688719165982e+01
1.466467543642421560e+02	8.410685906052117389e+01
1.453189898133461497e+02	2.191064881668561384e+02
1.461956256866856165e+02	2.831679655420872450e+02
1.455820729493848376e+02	3.625077077765871536e+02
1.437083362330900513e+02	4.034438990818670163e+02
1.462743201900663621e+02	1.379337889709538558e+02
1.460437110534124656e+02	1.389942359050445191e+02
1.460953512779389882e+02	1.399981550720172265e+02
1.462732009939144291e+02	1.410162090541844009e+02
1.464430815749378496e+02	1.420421679738941236e+02
1.465486340825802927e+02	1.430570787952898399e+02
1.465956825041021432e+02	1.440617578467966382e+02
1.466030642197525538e+02	1.450673201067355649e+02
1.466070174153075243e+02	1.460795537360162939e+02
1.466840846912104439e+02	1.470980376149823883e+02
1.458098393706960110e+02	2.869166030761972479e+02
1.460867416342196918e+02	3.630749630835587709e+02
1.474621427285376285e+02	1.248016064625316659e+02
1.468709284515414595e+02	1.260422185902711902e+02
1.465012209403463146e+02	1.270920617613449082e+02
1.464540714343881689e+02	1.280265882369232884e+02
1.466751675414592455e+02	1.289808832836169472e+02
1.469339306184012059e+02	1.299912096530919996e+02
1.471509155236742288e+02	1.310263318047590246e+02
1.474343882446304121e+02	1.320687429940531672e+02
1.478308498930178700e+02	1.330581715279998036e+02
1.480773928790121943e+02	1.339386849581050001e+02
1.479135057025241622e+02	1.348329539596150255e+02
1.474251494388682886e+02	1.358831777793099889e+02
1.468675025633651501e+02	1.370393276168206853e+02
1.475457658285723426e+02	1.510489463392135860e+02
1.475192823667781283e+02	1.520407384026917157e+02
1.475533373585715538e+02	1.530427147405960966e+02
1.476582169909401614e+02	1.540579310856973052e+02
1.477719255877112516e+02	1.550819604503542450e+02
1.478281378350651778e+02	1.560971510535192692e+02
1.478785178025030120e+02	1.571138566358868616e+02
1.479335854834810391e+02	1.581303676915551648e+02
1.479729875502629284e+02	1.591312760980513588e+02
1.479776220972852911e+02	1.601185566739729893e+02
1.479868750051314805e+02	1.611047181436046571e+02
1.480241618077111809e+02	1.621083717451438986e+02
1.481400547722114425e+02	1.631322684905624101e+02
1.465133574989827707e+02	2.165498790978404031e+02
1.467019484062628010e+02	2.888191051427012326e+02
1.460151491451721313e+02	3.673919616461497526e+02
1.457452400798017891e+02	4.074059126085382445e+02
1.488921275129194157e+02	1.224754593629074151e+02
1.465933989067507355e+02	1.266510947637519422e+02
1.489232088685595272e+02	1.691948055410721850e+02
1.492327832359500235e+02	1.702764264216636150e+02
1.475782547885093834e+02	2.907774414934869469e+02
1.475646998299799009e+02	3.293478884736211398e+02
1.484757787391467048e+02	3.663755301484757751e+02
1.465813693645692979e+02	3.901116599596919627e+02
1.465272890148881686e+02	4.091161619644267944e+02
1.500834421779873367e+02	1.732331700442012732e+02
1.501701867467499483e+02	1.742394160104056766e+02
1.502141569856158014e+02	1.752443871775638797e+02
1.502615958599642170e+02	1.762555791096154962e+02
1.481225116674766014e+02	2.187788041163535127e+02
1.485912914923919743e+02	2.927862008016924165e+02
1.498416534077363735e+02	3.690991680867407467e+02
1.482462930526506568e+02	3.888368153179695810e+02
1.483401366179182332e+02	3.914375513189469871e+02
1.482922591139746658e+02	6.098554803199414209e+01
1.512146009381222314e+02	1.792615407520356712e+02
1.514315853479560019e+02	1.802558188019921488e+02
1.515617826752391295e+02	1.812394176650099098e+02
1.516587977526823749e+02	1.822529846541598602e+02
1.500065614289417510e+02	2.950037527001468902e+02
1.503272086788332729e+02	3.695633739386606180e+02
1.497744104565998384e+02	3.875529581380180275e+02
1.497600543460495999e+02	3.925518241523179768e+02
1.525514143934220499e+02	2.089491672872404422e+02
1.526023291481641593e+02	2.100647503334903377e+02
1.508570403988873352e+02	2.959110951872640385e+02
1.512400387789742240e+02	2.971600659996270792e+02
1.515402078774617110e+02	3.363673413566739896e+02
1.503543053735677688e+02	3.737576287453849773e+02
1.514390993124399358e+02	3.785967564510377770e+02
1.508334649047273501e+02	3.878121155880580204e+02
1.499140423604402770e+02	4.140507750181141091e+02
1.537031989337682489e+02	2.170894403040988720e+02
1.521144560636488166e+02	2.980793452975597120e+02
1.533373155242062182e+02	3.518100523119665581e+02
1.521075178907923657e+02	3.760092515394402994e+02
1.527382142857142924e+02	3.769442857142857406e+02
1.528481869561699398e+02	3.777394662826938543e+02
1.520020745116498517e+02	3.877812610873296535e+02
1.510226939279131955e+02	4.149552648036891469e+02
1.529702131772759799e+02	2.989790603893814591e+02
1.532825227783480102e+02	3.002009804524469700e+02
1.537135184251518183e+02	3.580975814401493267e+02
1.539122943447171963e+02	3.591251992730822167e+02
1.540544506684367434e+02	3.010386494197284719e+02
1.531842012352962001e+02	3.717535115795859610e+02
1.553641870522830004e+02	3.895337392348735079e+02
1.550971102268248956e+02	3.912768421311906195e+02
1.561723950077731899e+02	5.770918422215811461e+01
1.559014068754485720e+02	6.795245326371259864e+01
1.552680862232427046e+02	3.031849620858411640e+02
1.558535171959153445e+02	3.411289909998880034e+02
1.549638424702631596e+02	4.199570867212860321e+02
1.573113880650933822e+02	4.456687366104058867e+01
1.570163748145044451e+02	4.572042575130437569e+01
1.567890990294006883e+02	4.682679339365312643e+01
1.565626358110371825e+02	4.790828507155506344e+01
1.545838835818515520e+02	1.056584685727708290e+02
1.560729985319466095e+02	3.040477916228850859e+02
1.559630986984234653e+02	3.734170287810887316e+02
1.560595200076645597e+02	4.210678192763389234e+02
1.578363118488202588e+02	1.151971276285028978e+02
1.574081119726621125e+02	3.062667104006409318e+02
1.571643579052202426e+02	3.739533288806075007e+02
1.582868559765303189e+02	1.170596824265295055e+02
1.582588429581712717e+02	3.071792103357658448e+02
1.580094589037700530e+02	3.749614483722837690e+02
1.578931698870791251e+02	4.239338070090885253e+02
1.595057203137910165e+02	4.430108085941906779e+02
1.587577543054162561e+02	1.179211536849840343e+02
1.597470066791313457e+02	3.095767298458183632e+02
1.595345457430915133e+02	3.426392819415346480e+02
1.588460310129644597e+02	3.758084308370382018e+02
1.586187581008955192e+02	4.247685697582853663e+02
1.613863002701991434e+02	9.498075696559584458e+01
1.613705991795883108e+02	9.608586886426336093e+01
1.591909556932741339e+02	1.186088137418028765e+02
1.595893829440240097e+02	1.197807384652555527e+02
1.606120468446642633e+02	3.104774690657848168e+02
1.605272533170327165e+02	4.273297719918740540e+02
1.625425299492385705e+02	9.160421928934010793e+01
1.624517409421034699e+02	9.837057338372770232e+01
1.618914260975219861e+02	1.072466635006691860e+02
1.615166536039510845e+02	1.081752363715911827e+02
1.604709701790492886e+02	1.206465736801828967e+02
1.612377538791753295e+02	1.221631071305180427e+02
1.620238221216890508e+02	1.236371623791531675e+02
1.618746881925456478e+02	3.126167075871543375e+02
1.612332725463559200e+02	3.432506510168581144e+02
1.615557882338022182e+02	4.282772806641044099e+02
1.618218615938398841e+02	4.293606254147277355e+02
1.634669438507194741e+02	8.934021018586361151e+01
1.635112073840502376e+02	1.035866014232460515e+02
1.621143996022025533e+02	1.100482180141514874e+02
1.625710059639787914e+02	1.112466254116763906e+02
1.626840443716437221e+02	1.252726774814799739e+02
1.625638112867151790e+02	3.445099248982503468e+02
1.621091295044327012e+02	3.755075842071094030e+02
1.622909535555608613e+02	3.774813012781542056e+02
1.612927300081404098e+02	1.462448107013300991e+01
1.636947253844286081e+02	1.122423732942304326e+02
1.637859015977486479e+02	1.132073849271690023e+02
1.638512031462798006e+02	1.141946240527171028e+02
1.641022415995627455e+02	1.152893384198852260e+02
1.625455134761931788e+02	1.257240185611157131e+02
1.635995391964594887e+02	2.506258296971686548e+02
1.644313595137774655e+02	3.530971589488140125e+02
1.646626771161515990e+02	3.541484355244497237e+02
1.629760743604482514e+02	3.749192157817487896e+02
1.632964725785986104e+02	3.770319526293528725e+02
1.641643374597166201e+02	4.322598109366207950e+02
1.646482909165140995e+02	2.504072417628863434e+02
1.626899338725873463e+02	2.802092065952365942e+02
1.649747216069105775e+02	3.169929885035918460e+02
1.655424113992071966e+02	3.232343872506755247e+02
1.655088536141313114e+02	3.244869246876461943e+02
1.655543789904502034e+02	3.255968163710777503e+02
1.656292240238443298e+02	3.266029335305016161e+02
1.656538524220940189e+02	3.275554711150529670e+02
1.642329261931131157e+02	3.766198791536020281e+02
1.645000414713144039e+02	3.785836607538569183e+02
1.641871789936400319e+02	1.283142705338978544e+02
1.640743170457712097e+02	2.768204949404347417e+02
1.645243810268180482e+02	2.779519143981067373e+02
1.639621419988276614e+02	2.790607856096131059e+02
1.660912499370138846e+02	3.179327264685408636e+02
1.650927680115587179e+02	3.762022818385372602e+02
1.654737102214625963e+02	3.781978205909007897e+02
1.657038741449822510e+02	4.330550655880825275e+02
1.646838791981052168e+02	1.301382892885431772e+02
1.673668134974280690e+02	2.660762708870690290e+02
1.673171512615179779e+02	3.188664945232493437e+02
1.662889143341229499e+02	3.776776101530753635e+02
1.667805751659657574e+02	4.340371602700257654e+02
1.684557112547767304e+02	1.236040085052943880e+02
1.658747262203734749e+02	1.315417437096543551e+02
1.684525439246401390e+02	3.197887986875529123e+02
1.670530892250814929e+02	3.771382171801830623e+02
1.673722602274737596e+02	3.791432684293761213e+02
1.671016190088161295e+02	3.925927442539707499e+02
1.673022416676560056e+02	1.358881717672716434e+02
1.673258465687240175e+02	1.368726300346691858e+02
1.682150210889494701e+02	3.788130215070117401e+02
1.681663877856030069e+02	1.386751026264726079e+02
1.694158652390308646e+02	2.723117694569073137e+02
1.691168924032772907e+02	3.785745558805155042e+02
1.701615168144837469e+02	2.731359987221228494e+02
1.700630345806159767e+02	3.783841929631608423e+02
1.723493378628013204e+02	1.949329612294162359e+02
1.711761487958494001e+02	2.751993880755825330e+02
1.719388572732006821e+02	2.768303116482592259e+02
1.710236881400519167e+02	3.781668899623170432e+02
1.714006648221683520e+02	3.931754746124438498e+02
1.725598007536056571e+02	1.323067981998502773e+02
1.736424631793992148e+02	2.783915244331704457e+02
1.719977616403443506e+02	3.779812850842069452e+02
1.725007244319277504e+02	1.327829701492105698e+02
1.729917728552777874e+02	3.779085573094808979e+02
1.734829476176513197e+02	1.348687405631682452e+02
1.740051491133485513e+02	3.780818628567525366e+02
1.763020737457781593e+02	4.391940706101736680e+01
1.738849925492553155e+02	1.368325146371255414e+02
1.740919921108057054e+02	1.378037545068360998e+02
1.744944647741746451e+02	1.388610690647438446e+02
1.750736789167920904e+02	1.400232867654646043e+02
1.757248399635504086e+02	1.412325301136201858e+02
1.741638342435363427e+02	3.018791183049555116e+02
1.773023220109834597e+02	4.545692716033283176e+01
1.775296992445614137e+02	1.447825818391805797e+02
1.750995842211453351e+02	3.027272318313933965e+02
1.782245192983003790e+02	5.040097427933763186e+01
1.775454310057599798e+02	3.755570467538674961e+02
1.777834147482367939e+02	2.976510544066572947e+02
1.799902141810128171e+02	1.477335429582763311e+02
1.810760101334017520e+02	1.486699685736275001e+02
1.804216295918441517e+02	1.893897337928505635e+02
1.817678995529660142e+02	1.503603187625718647e+02
1.821645535801349922e+02	1.514835583793000637e+02
1.804386405852701216e+02	4.815276205558281930e+01
1.804077221233715704e+02	5.353650964315411898e+01
1.826402547964798373e+02	1.532032387758562777e+02
1.831633639121157842e+02	1.543627429032483747e+02
1.823490535695704295e+02	2.972415200826766863e+02
1.820254571134685477e+02	5.649600994826289480e+01
1.836906248337366208e+02	1.562034782118835210e+02
1.840699062330960203e+02	1.573437449744886862e+02
1.815469482258424421e+02	1.710827103325150631e+02
1.835781686874297520e+02	1.883726048698441105e+02
1.822174069719630154e+02	3.157455686481570751e+02
1.828056038015529055e+02	3.169400080205458039e+02
1.830659934729571319e+02	5.969147080257279470e+01
1.841943213721513359e+02	1.580675542237049740e+02
1.845555256357943392e+02	1.592241643645944009e+02
1.846827987488211988e+02	1.884761781933615623e+02
1.846832604445934294e+02	4.360346956305940580e+02
1.841278178340732552e+02	4.409941483756393836e+02
1.840153130776340049e+02	6.265059496303142339e+01
1.851673419692384073e+02	1.610622199818284059e+02
1.854157505635247674e+02	1.621557160993421576e+02
1.843474630497715339e+02	3.190098435750770705e+02
1.857615281492637962e+02	4.128381595860707876e+02
1.855951838915163421e+02	4.138570451913454917e+02
1.854179048091777418e+02	4.148940636483723097e+02
1.852628785697667411e+02	4.159348380499238260e+02
1.851233190098378714e+02	4.169726472872915792e+02
1.854940061524389421e+02	4.270424880514352708e+02
1.857695843851504947e+02	4.280162095322865525e+02
1.858818010627761055e+02	4.289370456555282090e+02
1.856537217428423219e+02	4.299033940909229727e+02
1.852676045591024945e+02	4.309544776482833868e+02
1.849479837511730409e+02	4.320073111468807951e+02
1.855243652487223187e+02	4.450276588263062081e+02
1.854480396606449517e+02	4.459895423237103387e+02
1.852289066639089015e+02	4.469840272577753240e+02
1.849812449882274166e+02	4.480013325213777762e+02
1.848140347841496123e+02	4.490053054513130064e+02
1.849278647855698239e+02	6.556517518543085998e+01
1.847227836417564220e+02	1.614506242580124251e+02
1.849516052736787799e+02	1.624884612728537832e+02
1.865132391160880445e+02	1.663019576554813739e+02
1.865506906424219267e+02	4.067978789823381476e+02
1.863768782886631641e+02	4.078914382506136462e+02
1.869712477286309991e+02	1.679812017119793666e+02
1.877783539378994817e+02	1.695180519652249131e+02
1.865308746048472130e+02	3.011057297154899857e+02
1.874251646102428879e+02	3.141948815804685182e+02
1.868520458835645570e+02	3.204752379686794370e+02
1.884759562858496906e+02	4.018249964002349088e+02
1.883862078421651631e+02	1.702530008259453211e+02
1.890756973228924380e+02	1.716736828897196290e+02
1.883633213044767842e+02	3.137641572666548768e+02
1.879600668628798132e+02	3.208356142257955526e+02
1.867354591205157419e+02	3.305114255350816848e+02
1.867396230312428429e+02	3.311524527830472948e+02
1.885750672938773391e+02	3.879674490211012881e+02
1.906994400411493871e+02	8.525440719178882887e+01
1.906324739668191057e+02	8.623056378850408521e+01
1.906183867956326310e+02	8.727892841239049915e+01
1.901638880191771364e+02	1.729181268039723989e+02
1.890557302381572811e+02	3.131088939521888506e+02
1.891052893759623146e+02	3.213611538809890362e+02
1.877503647043076569e+02	3.332317268891471826e+02
1.899752324290617764e+02	3.809036014073415117e+02
1.897467710407022707e+02	3.819190691482982629e+02
1.895893094030945178e+02	3.829325158339998438e+02
1.913333657395356795e+02	6.026735430537305405e+01
1.901819300687687360e+02	3.214150007669162505e+02
1.907670137675588933e+02	3.749504577538612011e+02
1.919366719017170624e+02	2.845081087955441745e+01
1.923815381304174537e+02	6.802812712361328806e+01
1.926340292827889584e+02	6.893514096316714301e+01
1.925353365384615358e+02	9.351177884615384528e+01
1.904041918395910784e+02	1.855374206474776315e+02
1.911859921757481402e+02	1.871359474341654447e+02
1.920031491541844844e+02	1.886654088432375147e+02
1.908146308055047200e+02	3.133953729629213854e+02
1.908680160693251935e+02	3.207756511847480283e+02
1.907641808480023258e+02	3.721012497155094252e+02
1.919257898951805146e+02	1.879566839233808082e+02
1.931774441163240965e+02	1.905490094459546526e+02
1.920720872866163234e+02	3.151648953150378247e+02
1.915179297764517798e+02	3.212532732237238520e+02
1.930093641844588035e+02	1.469945341514294341e+02
1.934259313306510535e+02	1.771105010527632544e+02
1.938879288092012700e+02	1.783063750164942007e+02
1.934081474304294943e+02	1.912251777239166870e+02
1.927409271817429612e+02	3.217643645123475267e+02
1.950632137036819529e+02	1.014198760356151610e+02
1.930091664313989384e+02	1.785581671942670710e+02
1.939697421150409866e+02	1.799855051086907167e+02
1.936838079979188194e+02	1.917517319727795382e+02
1.940342042371658238e+02	1.930298806042745809e+02
1.936732624385901431e+02	3.166830227355881675e+02
1.946004065187236449e+02	3.186081989459621013e+02
1.954019287893117394e+02	3.668299130512967281e+02
1.949826411647555346e+02	1.450328829968451885e+02
1.940213411042837492e+02	1.816741060991299435e+02
1.965629376437243252e+02	3.316739158336504261e+02
1.959602558402951047e+02	3.549692608020545777e+02
1.958389252665383822e+02	1.455444132507838901e+02
1.958643338619345400e+02	1.525394961286551734e+02
1.943033988898787072e+02	1.717490235044199380e+02
1.946049931819771075e+02	1.727733225915479807e+02
1.947150385255666265e+02	1.737842295268495434e+02
1.970941166731159626e+02	3.199588796159773096e+02
1.957138147765298015e+02	3.317872450328886771e+02
1.966187669382467789e+02	3.448830062511718211e+02
1.964334312196746453e+02	3.459468313027877002e+02
1.964383711509107115e+02	3.469821496595746453e+02
1.965352986893677780e+02	3.480113197561191214e+02
1.966287760731538583e+02	3.490358447167593567e+02
1.966653096036042143e+02	3.500541679274965077e+02
1.967139339655334993e+02	3.510546600452710209e+02
1.967433076039385753e+02	3.520100710383400724e+02
1.969039669584133492e+02	1.457992083127599585e+02
1.968961406792854518e+02	1.512047109506934817e+02
1.955329039560202773e+02	1.790687129459954861e+02
1.965043289431397397e+02	3.321953990751431434e+02
1.967842967096376299e+02	3.430837928059001456e+02
1.980316282028051091e+02	1.461034065469179666e+02
1.974960027539339364e+02	1.516982931432525277e+02
1.966058306100208029e+02	1.963890820854898323e+02
1.979229420433136113e+02	3.274822324609673956e+02
1.973126585120673724e+02	3.416111778832195114e+02
1.984090251380748384e+02	1.504964659424003059e+02
1.980044430232874788e+02	1.883710567180300188e+02
1.988196239904006006e+02	1.899073990904782647e+02
1.997352952292064572e+02	1.913111977840145528e+02
1.983913776281687262e+02	1.996684423474384289e+02
2.014615227334105043e+02	1.464982432644003154e+02
1.997718968221842886e+02	1.481297538756526819e+02
1.988923329794052677e+02	1.497686165890830523e+02
2.008347001161152718e+02	1.924194034408770904e+02
2.014330159206725455e+02	1.938252503326949920e+02
1.995478283344515660e+02	2.017735272547909062e+02
2.001821666523676981e+02	3.275111381951729186e+02
1.996708959479452972e+02	3.407664128470087235e+02
1.999704423239862194e+02	1.051232151879233925e+02
1.999962494385004845e+02	1.061095000612544936e+02
1.999974745446139366e+02	1.071220271073557626e+02
1.998902594480093455e+02	1.081451481847802398e+02
1.997186430067887954e+02	1.091368850532395243e+02
1.995594851401874905e+02	1.100463136706591598e+02
1.996090787921032472e+02	1.108876261397009984e+02
1.999536011269605638e+02	1.117758593963266378e+02
2.020798762517096350e+02	1.948193493615755472e+02
2.002343357226768035e+02	2.037666664958535137e+02
2.016405642201070805e+02	3.290494219567687537e+02
2.010836729740404962e+02	3.322352063006252365e+02
2.007078617825760034e+02	3.406606762177359542e+02
2.010340698399798498e+02	1.136641185085740489e+02
2.007829878102268992e+02	1.589962998095939213e+02
2.028650705728830417e+02	1.956224846450375310e+02
2.017938864248614266e+02	3.403774133410406648e+02
2.045659661511568572e+02	5.893329764100577250e+01
2.045718257827547575e+02	5.993045923667708053e+01
2.046748370606931360e+02	6.093690303208228443e+01
2.046775401157709098e+02	6.507501195639626701e+01
2.046754591998310957e+02	6.613818220204792908e+01
2.017453829206202158e+02	1.162915928720203738e+02
2.037042599611730793e+02	1.973175786046208486e+02
2.027832552477806303e+02	3.393518988074825984e+02
2.053934833751536075e+02	4.793976605037428840e+01
2.029534631173117987e+02	1.181999479386648062e+02
2.054894241616457577e+02	1.611446997732695081e+02
2.024847763796080358e+02	1.964359876627196684e+02
2.045150787563314623e+02	2.002626125756498823e+02
2.050577153241168560e+02	2.016483455562935490e+02
2.037745788750911800e+02	1.202350458069357302e+02
2.039379217175277859e+02	1.561435386555938862e+02
2.046879555182405568e+02	3.386879749935122277e+02
2.076766090557530049e+02	1.083488409050486894e+02
2.050247688652518718e+02	1.550118469557414187e+02
2.074321957456114660e+02	2.047114599332150249e+02
2.045005925970947658e+02	2.147874855649425569e+02
2.079722064447921639e+02	1.121293327504726420e+02
2.080478406603506585e+02	1.131455823438470389e+02
2.082882290308980373e+02	1.141968023359156206e+02
2.081048178320112925e+02	2.053948675727629052e+02
2.058379163768049978e+02	2.185796584725211176e+02
2.096593552850070523e+02	1.174327144911125345e+02
2.092737832167246381e+02	2.074592859555863242e+02
2.066901997441960930e+02	2.209920912632105683e+02
2.080356167399313847e+02	3.367303484405904896e+02
2.099206067246318810e+02	2.093061907448775685e+02
2.111309836525146864e+02	9.215287806926879455e+01
2.100311410200325781e+02	2.120124168847723922e+02
2.103225103444483750e+02	2.131510275714488785e+02
2.105367836524794143e+02	2.143116426061856146e+02
2.108780769097612904e+02	2.156244806903356448e+02
2.102624208271585928e+02	3.348864338169738062e+02
2.108900176844998953e+02	2.149235264338271065e+02
2.115009053191848807e+02	2.163539768380106239e+02
2.096250740811949811e+02	2.402580738591991576e+02
2.111720393765178301e+02	3.354679476879615549e+02
2.108131227093016093e+02	1.847422645532651870e+02
2.127397014644358819e+02	2.174323959518714844e+02
2.115779462154577288e+02	6.457462375056616111e+01
2.138622918318794746e+02	1.524909892942109479e+02
2.114105282286420788e+02	2.074464526169400358e+02
2.138452522736895958e+02	2.192458832453799005e+02
2.142665062653404107e+02	2.203035428239245448e+02
2.129819375349813697e+02	6.640861088776695453e+01
2.149823901377924642e+02	8.777643048446377350e+01
2.126890133593097687e+02	1.343074032841636551e+02
2.142279339812703540e+02	3.341114669352874671e+02
2.138342560021239080e+02	6.721809853800992585e+01
2.157184523071131821e+02	1.515012191105198553e+02
2.158356839883611258e+02	2.259478320560632767e+02
2.168911336363449038e+02	8.663648566525971262e+01
2.168520048602818520e+02	2.267265327618866593e+02
2.182871808235063043e+02	6.504705821992186543e+01
2.180995109749537448e+02	1.221982122497324212e+02
2.163022908359679946e+02	3.325036034249540080e+02
2.193182673291913147e+02	6.660793490288088492e+01
2.164954409490677847e+02	2.192853617270771451e+02
2.186293981459714360e+02	2.291925392909898562e+02
2.174842711812283937e+02	3.318418446029993447e+02
2.202159979499413964e+02	6.851428484724965529e+01
2.192388923037878214e+02	2.310873525393648436e+02
2.197457082455653961e+02	2.323218009383977289e+02
2.196806643778417083e+02	2.328611292567504734e+02
2.200541011720302151e+02	2.340247953321833450e+02
2.203656256535005014e+02	2.347337492535922081e+02
2.206953128828686204e+02	2.366327653634022852e+02
2.232528898886358206e+02	3.313579666175573948e+02
2.232032245930282386e+02	1.408902643558568570e+02
2.229782702007823900e+02	2.412603787147294554e+02
2.234544486281086790e+02	2.425617806209487526e+02
2.246712249603365024e+02	2.437058790338967640e+02
2.252756848706386847e+02	3.332519471590932199e+02
2.272202274352642917e+02	1.358506033271896172e+02
2.252890480359020273e+02	1.415167399433956064e+02
2.261951149875501130e+02	3.341713986454366250e+02
2.266799550645351928e+02	3.355304586295656577e+02
2.255508994751200191e+02	1.364693926054567008e+01
2.283037941707818561e+02	1.379682870197962075e+02
2.266867941531256747e+02	1.430784204924430583e+02
2.267750181001409544e+02	2.469079762261628161e+02
2.256964651113244713e+02	2.605112770896270149e+02
2.280121375999312079e+02	3.367023523536902871e+02
2.267306564314767456e+02	1.192855124256459476e+01
2.264507607365636375e+02	2.638167328366530739e+01
2.289084904647852454e+02	1.387213336308380747e+02
2.267565212628616109e+02	2.476769461735541995e+02
2.271638489245702885e+02	2.487803567113380439e+02
2.275767003454216706e+02	2.498836645847281375e+02
2.280439646679521957e+02	2.510142116412473001e+02
2.285741782467116536e+02	2.522352658559603071e+02
2.291326105146213763e+02	2.535820448815921679e+02
2.291635192685323545e+02	3.375824923290196580e+02
2.297088949793082975e+02	1.396224191125847938e+02
2.287193423240820778e+02	1.442804283375143655e+02
2.275232600616701575e+02	2.504650584917274614e+02
2.279454134082548364e+02	2.515295686211248665e+02
2.284177946672449764e+02	2.526854561708816505e+02
2.289335194266674023e+02	2.539572101243030318e+02
2.293761237268261368e+02	2.553007104482645104e+02
2.296823338861130708e+02	2.567454194894889383e+02
2.299381165153270388e+02	3.394725850114805326e+02
2.286758125968496529e+02	1.099354774406114732e+00
2.307134177620186790e+02	1.406815393104030534e+02
2.300669956091417703e+02	2.560689306556188853e+02
2.308001477839899565e+02	3.404546855844785682e+02
2.318280258127386162e+02	1.418391216360248848e+02
2.303157840467324320e+02	1.449490099777394789e+02
2.326148080430956497e+02	3.432268826604085348e+02
2.325184945555197942e+02	3.504579754253617807e+02
2.323665610818197536e+02	3.514687461374506938e+02
2.320474209717086751e+02	3.524283403973780082e+02
2.319541156375040600e+02	3.534534357184495548e+02
2.330176847725277867e+02	1.431229964462806663e+02
2.327182230378361680e+02	3.554044485574191867e+02
2.324977746493996165e+02	2.577842647085140015e+02
2.343209390909418914e+02	2.623918713668804230e+02
2.343827301652599431e+02	3.601214504833581600e+02
2.343599200756685264e+02	3.611629284136412252e+02
2.346125874075125921e+02	3.622925445010446310e+02
2.325332773640223820e+02	2.584529324492821729e+02
2.330531056349003904e+02	2.596156607670097287e+02
2.336399054238016788e+02	2.608408411549759762e+02
2.349452668255545120e+02	2.638010855017162157e+02
2.356401135028101237e+02	2.646190203208076355e+02
2.364446460472909166e+02	2.653298525846266216e+02
2.371400979114586960e+02	2.660712373771789316e+02
2.395172028145898935e+02	9.833679846665275193e+01
2.374492578122033990e+02	2.667950460465372089e+02
2.376612433525864390e+02	2.678784878247373058e+02
2.376364325287400163e+02	2.675432847753050396e+02
2.381152099025976838e+02	2.686572253905129060e+02
2.386212367154717526e+02	2.698371181979911739e+02
2.391782496292188114e+02	2.710823293741992757e+02
2.409677415982456239e+02	2.130636668619313525e+02
2.394912865559111594e+02	2.717849712566147105e+02
2.397418422373328326e+02	2.728863811367729113e+02
2.424161464969582482e+02	2.137851389270937261e+02
2.401407318507822026e+02	2.736071643945177811e+02
2.412772181423462712e+02	2.755085248292508595e+02
2.429893542726688338e+02	2.779940309777600760e+02
2.437136094919278833e+02	2.788852611885832289e+02
2.440656632730755575e+02	2.800219838971839295e+02
2.445395108047516715e+02	2.811773292485737556e+02
2.451508065268113512e+02	2.824245391358388702e+02
2.456724365709993094e+02	2.843329799224098338e+02
2.459235369971461864e+02	2.855415940253372469e+02
2.461238388562128421e+02	2.860833448357557245e+02
2.465864454917467015e+02	2.874394183179792321e+02
2.468938367283942341e+02	2.869303126957525478e+02
2.472756334807643270e+02	2.881650070290884855e+02
2.477386044389701851e+02	2.067560009181042346e+02
2.485100486943277929e+02	2.901451024197497190e+02
2.492474557368579440e+02	2.911059929711055929e+02
2.490613470338182367e+02	2.067781188728159236e+02
2.501120133985607481e+02	2.017357511652832045e+02
2.496114538792569988e+02	4.404254774311522880e+01
2.514543699902526441e+02	2.062255259070253715e+02
2.495470299092389723e+02	2.551118673869772806e+02
2.529444685687049343e+02	2.048808810496494459e+02
2.533947135215182129e+02	4.140017346036142385e+02
2.523723023954296707e+02	3.174533768751476828e+02
2.536016270508849004e+02	3.318846342316979872e+02
2.538111572221234837e+02	3.329379431042633541e+02
2.535439201109621479e+02	3.340301733547165668e+02
2.565600778026350781e+02	4.192884267552637994e+02
2.573183191739116751e+02	3.130757929461371987e+02
2.580305144116509837e+02	3.148137247131999743e+02
2.567083450605122721e+02	2.973229137348719178e+02
2.570009126657492402e+02	2.980268653621081967e+02
2.570925052979397947e+02	2.989002946997250092e+02
2.568959725322436043e+02	2.997920691301696934e+02
2.567059946363575023e+02	3.007067324292679587e+02
2.590789785494882835e+02	3.180375768666966110e+02
2.578111054066930592e+02	2.970645090275838243e+02
2.601956495656110064e+02	3.188863099977639877e+02
2.595202897531216308e+02	2.800181266890333518e+02
2.594084500516077583e+02	2.807245607905085194e+02
2.675918567890256554e+02	2.787928559765341561e+02
2.674664829779717934e+02	2.796072638052144157e+02
2.767912958620211157e+02	2.621182560507646144e+02
2.778882474048739368e+02	3.436681424461494316e+02
2.853276036960704687e+02	3.428466426417645039e+02
2.823611959855869031e+02	4.385615579356212379e+02
2.942907392995368809e+02	1.463865914548519775e+01
2.943153750808221503e+02	1.579643977928855314e+01
2.945716108058111899e+02	1.688861857352209128e+01
2.943648802973530110e+02	1.986298788018891770e+01
2.941608513547282087e+02	2.089622188462028518e+01
2.946672539806033910e+02	2.294727587552554482e+01
2.949627866414313644e+02	1.244656347098684002e+01
2.935628355534551019e+02	8.223411299086950521e+01
2.990419437665782425e+02	4.592326366047745267e+01
2.987781104319299743e+02	4.692579977013212300e+01
2.974145585125617686e+02	1.929231926087883409e+01
3.003733947902559862e+02	7.477575599299132136e+01
3.001671337875188215e+02	7.587093017339283563e+01
3.001256010016393816e+02	7.694866067035191293e+01
3.001540583652591181e+02	7.900392456375035977e+01
3.002188646881520526e+02	8.001647480739781315e+01
3.003598542899508175e+02	8.104057506781330744e+01
3.005670755163562831e+02	8.207586900743945080e+01
3.009071269013745109e+02	8.311815694512129937e+01
2.984770592864638274e+02	3.741727046169989421e+02
3.028527149873298185e+02	4.212473109118840853e+01
3.029808168316831711e+02	4.300000000000000000e+01
3.033356272195799193e+02	4.395181542274571029e+01
3.037147062514167146e+02	4.497391600012952750e+01
3.039563433366463414e+02	4.599706177110603278e+01
3.040367912056782416e+02	4.700092066539714608e+01
3.040030946135226486e+02	4.799998798208340389e+01
3.039747944058253779e+02	4.900033640684266345e+01
3.030749377720470648e+02	7.536823509381943609e+01
3.038523063184225066e+02	4.039577961267514183e+01
3.038633403800117208e+02	5.179654465381867112e+01
3.043126466061985980e+02	5.284713490718702644e+01
3.038816322571024671e+02	7.715282997766654205e+01
3.048154940763929517e+02	3.725651553633256299e+02
3.045798308725147194e+02	3.816626370272998514e+01
3.044718733248993772e+02	3.941561152246367783e+01
3.046070071856073582e+02	5.461857584089648299e+01
3.115368518076076612e+02	2.865841902546368942e+02
3.121812612483429916e+02	4.089581030576847525e+02
3.119465574692106884e+02	4.100111394414636266e+02
3.122985137857129416e+02	4.151634969497720817e+02
3.128498412709481045e+02	4.164791772526458544e+02
3.136135523266017344e+02	4.236078455104968157e+02
3.133209427285308948e+02	4.247428564821793202e+02
3.134329865586781239e+02	4.310508701606269710e+02
3.138759650334470734e+02	4.049586414387391073e+02
3.139038720990398588e+02	4.058511480471819368e+02
3.134465859460284491e+02	4.068769894961162663e+02
3.142645062639862772e+02	4.343199265991310654e+02
3.140534300437077491e+02	3.969931118062119140e+02
3.142504980823761116e+02	3.979827323166317115e+02
3.144902482680012099e+02	3.989612789185916313e+02
3.144928969196999446e+02	3.999371445319231952e+02
3.145858115114307907e+02	4.360961913853547571e+02
3.145098290400166547e+02	3.952307907483270810e+02
3.149549894943276627e+02	4.369878245519220172e+02
3.159691103343575378e+02	4.389869295558262365e+02
3.173612668886652273e+02	4.411726189911710776e+02
3.177652780900992866e+02	4.423423256906859820e+02
3.186036812229958741e+02	4.450203517750309743e+02
3.184007244869084730e+02	4.459934187584266851e+02
3.183412765715605133e+02	4.469974170174338042e+02
3.184696745730103657e+02	4.480078087704069958e+02
3.186409393985632619e+02	4.490077066861550747e+02
3.202531323037344464e+02	3.871994121281926482e+02
3.206804209698256614e+02	3.879895235600384922e+02
3.204835535863915652e+02	3.885382075846280827e+02
3.198683832440898982e+02	3.894637721519708862e+02
3.226687593560334903e+02	2.941819141739862289e+02
3.227001512956115334e+02	2.952161830311230233e+02
3.205823663465066033e+02	3.814342650821723169e+02
3.219581352961889138e+02	3.427263846186016849e+02
3.227118972344987355e+02	3.441683116002275256e+02
3.237578299853855697e+02	3.803675654914374036e+02
3.249029949125634857e+02	3.791103082785613196e+02
3.277664094279963933e+02	3.767053108452126935e+02
3.299964392854735706e+02	3.767173221264170593e+02
3.310354189087845498e+02	3.767028222684307934e+02
3.331154553605671822e+02	3.777393601059363846e+02
